10, 10
27: -5, 8, 2, -2
36: -4, 7, 6, -9
14: 0, 1, 5, -9
32: -9, 6, 8, -8
39: -4, 2, 1, -3
45: -4, 10, 2, -6
55: -10, 10, 1, -3
74: 0, 3, 7, -3
15: -4, 3, 0, -7
96: -9, 5, 4, -1
60: -8, 3, 9, -2
67: -9, 10, 9, -10
93: -6, 8, 10, -4
48: -10, 10, 10, -6
90: -3, 1, 9, -10
34: -5, 2, 5, -7
92: -5, 7, 7, -2
72: -1, 1, 7, -7
86: -7, 3, 6, -3
25: -3, 5, 2, -5
20: -4, 10, 5, -10
76: -3, 0, 9, -3
75: -1, 9, 9, -2
59: -10, 2, 0, 0
69: -3, 2, 9, -5
65: -5, 3, 8, -4
37: -8, 9, 10, 0
26: -8, 3, 9, 0
4: -4, 5, 4, -2
62: -9, 4, 0, -3
57: -5, 6, 3, -9
61: -4, 4, 3, -1
16: -8, 8, 3, -8
87: -1, 6, 1, -9
91: -2, 6, 8, 0
40: -9, 2, 3, 0
2: -8, 9, 10, -9
70: -7, 2, 2, 0
97: -4, 7, 9, -7
44: -10, 7, 8, 0
89: -8, 0, 4, -1
94: -8, 6, 4, -6
12: -10, 2, 7, -2
52: -9, 10, 1, -4
79: -8, 9, 7, -1
82: -6, 1, 4, -6
21: -4, 7, 6, -7
84: -10, 0, 9, -5
11: 0, 9, 8, -7
50: -10, 9, 4, -10
58: -9, 2, 5, -10
51: -9, 0, 0, -5
99: 0, 3, 8, -1
42: -9, 4, 10, 0
49: -9, 3, 0, -1
63: -10, 1, 4, -6
35: 0, 3, 6, -3
66: -5, 5, 4, -4
22: -5, 9, 8, -6
43: -7, 10, 9, -5
24: -4, 1, 3, -9
38: -4, 0, 3, -10
10: -1, 4, 4, -9
33: -5, 1, 0, -4
7: -10, 0, 8, -1
9: -9, 0, 1, -8
64: -7, 5, 9, -8
5: -6, 2, 0, -2
95: -4, 8, 6, -2
98: -8, 1, 4, -7
53: -6, 3, 4, -3
17: -2, 6, 10, -10
71: -8, 2, 5, -6
13: -1, 4, 9, -10
31: -7, 5, 8, -10
0: -1, 10, 8, -5
81: -1, 3, 3, -7
54: -7, 5, 3, -8
6: -3, 6, 8, -3
83: -3, 8, 1, -2
78: -2, 2, 10, -2
56: -2, 10, 1, -5
19: -8, 6, 5, -1
77: 0, 2, 9, 0
47: -10, 9, 0, -3
80: -1, 4, 4, -2
23: -3, 5, 0, -9
3: 0, 7, 3, -3
8: -6, 8, 5, -4
30: -9, 2, 10, -5
41: -5, 7, 0, -2
85: 0, 0, 10, -9
88: -1, 0, 3, -6
29: -4, 2, 1, -8
46: 0, 9, 4, -3
28: -3, 1, 7, 0
18: 0, 3, 5, -2
1: -9, 7, 1, -4
73: -3, 4, 5, -2
68: -3, 0, 10, -1
