solve' []
solve' [(11,0,3,7,0)]
solve' [(11,0,3,7,0),(18,0,0,5,-3)]
solve' [(11,0,3,7,0),(3,0,3,7,-3)]
solve' [(11,0,3,7,0),(3,0,3,7,-3),(18,0,0,5,-3)]
solve' [(11,0,3,7,0),(3,0,3,7,-3),(15,0,4,9,-3)]
solve' [(11,0,3,7,0),(3,0,3,7,-3),(15,0,4,9,-3),(12,0,3,4,-4)]
solve' [(11,0,3,7,0),(3,0,3,7,-3),(15,0,4,9,-3),(12,0,3,4,-4),(18,0,0,5,-3)]
solve' [(11,0,3,7,0),(3,0,3,7,-3),(15,0,4,9,-3),(12,0,3,4,-4),(18,0,0,5,-3),(19,-7,3,4,0)]
solve' [(11,0,3,7,0),(3,0,3,7,-3),(15,0,4,9,-3),(12,0,3,4,-4),(18,0,0,5,-3),(7,-7,10,4,0)]
solve' [(11,0,3,7,0),(3,0,3,7,-3),(15,0,4,9,-3),(12,0,3,4,-4),(18,0,0,5,-3),(7,-7,10,4,0),(5,-7,4,10,-10)]
solve' [(11,0,3,7,0),(3,0,3,7,-3),(15,0,4,9,-3),(12,0,3,4,-4),(18,0,0,5,-3),(7,-7,10,4,0),(5,-7,4,10,-10),(21,-9,3,6,-4)]
solve' [(11,0,3,7,0),(3,0,3,7,-3),(15,0,4,9,-3),(12,0,3,4,-4),(18,0,0,5,-3),(7,-7,10,4,0),(5,-7,4,10,-10),(21,-9,3,6,-4),(23,-4,3,9,-3)]
solve' [(11,0,3,7,0),(3,0,3,7,-3),(15,0,4,9,-3),(12,0,3,4,-4),(18,0,0,5,-3),(7,-7,10,4,0),(5,-7,4,10,-10),(21,-9,3,6,-4),(23,-4,3,9,-3),(6,-5,0,5,-3)]
solve' [(11,0,3,7,0),(3,0,3,7,-3),(15,0,4,9,-3),(12,0,3,4,-4),(18,0,0,5,-3),(7,-7,10,4,0),(5,-7,4,10,-10),(21,-9,3,6,-4),(23,-4,3,9,-3),(6,-5,0,5,-3),(2,-4,9,7,0)]
solve' [(11,0,3,7,0),(3,0,3,7,-3),(15,0,4,9,-3),(12,0,3,4,-4),(18,0,0,5,-3),(7,-7,10,4,0),(5,-7,4,10,-10),(21,-9,3,6,-4),(23,-4,3,9,-3),(6,-5,0,5,-3),(2,-4,9,7,0),(13,-10,6,3,-9)]
solve' [(11,0,3,7,0),(3,0,3,7,-3),(15,0,4,9,-3),(12,0,3,4,-4),(18,0,0,5,-3),(7,-7,10,4,0),(5,-7,4,10,-10),(21,-9,3,6,-4),(23,-4,3,9,-3),(6,-5,0,5,-3),(2,-4,9,7,0),(13,-10,6,3,-9),(20,-6,8,0,-6)]
solve' [(11,0,3,7,0),(3,0,3,7,-3),(15,0,4,9,-3),(12,0,3,4,-4),(18,0,0,5,-3),(7,-7,10,4,0),(5,-7,4,10,-10),(21,-9,3,6,-4),(23,-4,3,9,-3),(6,-5,0,5,-3),(2,-4,9,7,0),(13,-10,6,3,-9),(0,-6,2,1,-6)]
solve' [(11,0,3,7,0),(3,0,3,7,-3),(15,0,4,9,-3),(12,0,3,4,-4),(18,0,0,5,-3),(7,-7,10,4,0),(5,-7,4,10,-10),(21,-9,3,6,-4),(23,-4,3,9,-3),(6,-5,0,5,-3),(2,-4,9,7,0),(13,-10,6,3,-9),(0,-6,2,1,-6),(24,-9,8,9,-2)]
solve' [(11,0,3,7,0),(3,0,3,7,-3),(15,0,4,9,-3),(12,0,3,4,-4),(18,0,0,5,-3),(7,-7,10,4,0),(5,-7,4,10,-10),(21,-9,3,6,-4),(23,-4,3,9,-3),(6,-5,0,5,-3),(2,-4,9,7,0),(13,-10,6,3,-9),(0,-6,2,1,-6),(24,-9,8,9,-2),(8,-5,0,7,-8)]
solve' [(11,0,3,7,0),(3,0,3,7,-3),(15,0,4,9,-3),(12,0,3,4,-4),(18,0,0,5,-3),(7,-7,10,4,0),(5,-7,4,10,-10),(21,-9,3,6,-4),(23,-4,3,9,-3),(6,-5,0,5,-3),(2,-4,9,7,0),(13,-10,6,3,-9),(0,-6,2,1,-6),(24,-9,8,9,-2),(8,-5,0,7,-8),(19,-7,3,4,0)]
solve' [(11,0,3,7,0),(3,0,3,7,-3),(15,0,4,9,-3),(12,0,3,4,-4),(18,0,0,5,-3),(7,-7,10,4,0),(5,-7,4,10,-10),(21,-9,3,6,-4),(23,-4,3,9,-3),(6,-5,0,5,-3),(2,-4,9,7,0),(13,-10,6,3,-9),(0,-6,2,1,-6),(24,-9,8,9,-2),(8,-5,0,7,-8),(19,-7,3,4,0),(1,-3,4,3,-3)]
solve' [(11,0,3,7,0),(3,0,3,7,-3),(15,0,4,9,-3),(12,0,3,4,-4),(18,0,0,5,-3),(7,-7,10,4,0),(5,-7,4,10,-10),(21,-9,3,6,-4),(23,-4,3,9,-3),(6,-5,0,5,-3),(2,-4,9,7,0),(13,-10,6,3,-9),(0,-6,2,1,-6),(24,-9,8,9,-2),(8,-5,0,7,-8),(19,-7,3,4,0),(1,-3,4,3,-3),(22,-1,7,6,-4)]
solve' [(11,0,3,7,0),(3,0,3,7,-3),(15,0,4,9,-3),(12,0,3,4,-4),(18,0,0,5,-3),(7,-7,10,4,0),(5,-7,4,10,-10),(21,-9,3,6,-4),(23,-4,3,9,-3),(6,-5,0,5,-3),(2,-4,9,7,0),(13,-10,6,3,-9),(0,-6,2,1,-6),(24,-9,8,9,-2),(8,-5,0,7,-8),(19,-7,3,4,0),(1,-3,4,3,-3),(22,-1,7,6,-4),(14,-9,4,2,-7)]
solve' [(11,0,3,7,0),(3,0,3,7,-3),(15,0,4,9,-3),(12,0,3,4,-4),(18,0,0,5,-3),(7,-7,10,4,0),(5,-7,4,10,-10),(21,-9,3,6,-4),(23,-4,3,9,-3),(6,-5,0,5,-3),(2,-4,9,7,0),(13,-10,6,3,-9),(0,-6,2,1,-6),(24,-9,8,9,-2),(8,-5,0,7,-8),(19,-7,3,4,0),(1,-3,4,3,-3),(22,-1,7,6,-4),(14,-9,4,2,-7),(10,-7,0,10,-4)]
solve' [(11,0,3,7,0),(3,0,3,7,-3),(15,0,4,9,-3),(12,0,3,4,-4),(18,0,0,5,-3),(7,-7,10,4,0),(5,-7,4,10,-10),(21,-9,3,6,-4),(23,-4,3,9,-3),(6,-5,0,5,-3),(2,-4,9,7,0),(13,-10,6,3,-9),(0,-6,2,1,-6),(24,-9,8,9,-2),(8,-5,0,7,-8),(19,-7,3,4,0),(1,-3,4,3,-3),(22,-1,7,6,-4),(14,-9,4,2,-7),(10,-7,0,10,-4),(4,-4,4,0,0)]
solve' [(11,0,3,7,0),(3,0,3,7,-3),(15,0,4,9,-3),(12,0,3,4,-4),(18,0,0,5,-3),(7,-7,10,4,0),(5,-7,4,10,-10),(21,-9,3,6,-4),(23,-4,3,9,-3),(6,-5,0,5,-3),(2,-4,9,7,0),(13,-10,6,3,-9),(0,-6,2,1,-6),(24,-9,8,9,-2),(8,-5,0,7,-8),(19,-7,3,4,0),(1,-3,4,3,-3),(22,-1,7,6,-4),(14,-9,4,2,-7),(10,-7,0,10,-4),(4,-4,4,0,0),(17,-3,6,0,-4)]
solve' [(11,0,3,7,0),(3,0,3,7,-3),(15,0,4,9,-3),(12,0,3,4,-4),(18,0,0,5,-3),(7,-7,10,4,0),(5,-7,4,10,-10),(21,-9,3,6,-4),(23,-4,3,9,-3),(6,-5,0,5,-3),(2,-4,9,7,0),(13,-10,6,3,-9),(0,-6,2,1,-6),(24,-9,8,9,-2),(8,-5,0,7,-8),(19,-7,3,4,0),(1,-3,4,3,-3),(22,-1,7,6,-4),(14,-9,4,2,-7),(10,-7,0,10,-4),(4,-4,4,0,0),(17,-3,6,0,-4),(20,-6,8,0,-6)]
solve' [(11,0,3,7,0),(3,0,3,7,-3),(15,0,4,9,-3),(12,0,3,4,-4),(18,0,0,5,-3),(7,-7,10,4,0),(5,-7,4,10,-10),(21,-9,3,6,-4),(23,-4,3,9,-3),(6,-5,0,5,-3),(2,-4,9,7,0),(13,-10,6,3,-9),(0,-6,2,1,-6),(24,-9,8,9,-2),(8,-5,0,7,-8),(19,-7,3,4,0),(1,-3,4,3,-3),(22,-1,7,6,-4),(14,-9,4,2,-7),(10,-7,0,10,-4),(4,-4,4,0,0),(17,-3,6,0,-4),(20,-6,8,0,-6),(9,-2,1,0,-8)]
solve' [(11,0,3,7,0),(3,0,3,7,-3),(15,0,4,9,-3),(12,0,3,4,-4),(18,0,0,5,-3),(7,-7,10,4,0),(5,-7,4,10,-10),(21,-9,3,6,-4),(23,-4,3,9,-3),(6,-5,0,5,-3),(2,-4,9,7,0),(13,-10,6,3,-9),(0,-6,2,1,-6),(24,-9,8,9,-2),(8,-5,0,7,-8),(19,-7,3,4,0),(1,-3,4,3,-3),(22,-1,7,6,-4),(14,-9,4,2,-7),(10,-7,0,10,-4),(4,-4,4,0,0),(17,-3,6,0,-4),(20,-6,8,0,-6),(9,-2,1,0,-8),(16,-10,0,0,-1)]
solve' [(11,0,3,7,0),(3,0,3,7,-3),(15,0,4,9,-3),(12,0,3,4,-4),(18,0,0,5,-3),(7,-7,10,4,0),(5,-7,4,10,-10),(21,-9,3,6,-4),(23,-4,3,9,-3),(6,-5,0,5,-3),(4,-4,4,0,0)]
solve' [(11,0,3,7,0),(15,0,4,9,-3)]
solve' [(11,0,3,7,0),(15,0,4,9,-3),(12,0,3,4,-4)]
solve' [(11,0,3,7,0),(15,0,4,9,-3),(12,0,3,4,-4),(18,0,0,5,-3)]
solve' [(11,0,3,7,0),(15,0,4,9,-3),(12,0,3,4,-4),(3,0,3,7,-3)]
solve' [(11,0,3,7,0),(15,0,4,9,-3),(12,0,3,4,-4),(3,0,3,7,-3),(18,0,0,5,-3)]
solve' [(11,0,3,7,0),(15,0,4,9,-3),(12,0,3,4,-4),(3,0,3,7,-3),(18,0,0,5,-3),(19,-7,3,4,0)]
solve' [(11,0,3,7,0),(15,0,4,9,-3),(12,0,3,4,-4),(3,0,3,7,-3),(18,0,0,5,-3),(7,-7,10,4,0)]
11 3 15 12 18
7 5 21 23 6
2 13 0 24 8
19 1 22 14 10
4 17 20 9 16
